session_start: "2026-02-06T01:38:10.148Z"
session_tokens: 12993308
session_cost: 30274.492904100003
weekly_tokens: 12998308
weekly_cost: 30274.642904100005
weekly_limit: 10000000
updated: "2026-02-06T01:42:58.463Z"